1.000000000000000000e+00
2.920649051666259766e-01
1.000000000000000000e+00
5.476362705230712891e-01
2.967400550842285156e-01
2.613279819488525391e-01
2.657248973846435547e-01
2.740390300750732422e-01
2.651419639587402344e-01
2.659900188446044922e-01
2.647647857666015625e-01
2.684080600738525391e-01
2.623190879821777344e-01
1.000000000000000000e+00
7.975411415100097656e-01
2.915019989013671875e-01
5.580239295959472656e-01
2.654039859771728516e-01
2.603182792663574219e-01
2.692799568176269531e-01
2.684731483459472656e-01
